$ 1 0.000005 10.20027730826997 50 5 43 5e-11
L 80 112 0 112 0 0 false 5 0
L 80 160 0 160 0 0 false 5 0
w 80 112 112 112 0
152 272 144 416 144 0 2 0 5
w 112 112 272 128 0
w 112 160 272 160 0
w 80 112 80 192 0
w 304 192 80 192 0
152 320 208 400 208 0 2 5 5
I 192 224 288 224 0 0.5 5
w 304 192 320 192 0
w 320 224 288 224 0
w 192 224 112 224 0
w 416 144 448 144 0
w 400 208 448 176 0
w 448 144 464 144 0
w 448 176 464 176 0
I 592 160 640 160 0 0.5 5
w 576 160 592 160 0
L 48 320 0 320 0 0 false 5 0
I 160 320 240 320 0 0.5 5
w 240 320 320 320 0
w 48 320 160 320 0
I 432 304 528 304 0 0.5 5
150 480 160 560 160 0 2 0 5
w 480 144 464 144 0
w 480 176 464 176 0
w 576 160 560 160 0
152 336 304 416 304 0 2 5 5
w 320 288 336 288 0
w 320 320 336 320 0
w 416 304 432 304 0
152 624 224 720 224 0 2 5 5
w 640 160 624 208 0
w 624 240 528 304 0
w 288 288 320 288 0
w 528 304 528 352 0
152 592 448 704 448 0 2 5 5
I 528 352 592 352 0 0.5 5
w 112 160 80 160 0
w 112 160 112 224 0
w 112 112 112 288 0
I 160 288 256 288 0 0.5 5
w 160 288 112 288 0
w 288 288 256 288 0
w 416 144 416 432 0
w 416 432 592 432 0
w 592 352 592 464 0
150 784 320 912 320 0 2 5 5
w 720 224 784 304 0
w 784 336 704 448 0
M 912 320 992 320 0 2.5
